Values in the list are: 
-99.850815
-20.205986
-33.067917
-60.152985
-72.764923
-35.587761
-41.816364
-48.506119
-86.192390
-95.039589
-80.823959
-75.943176
-75.443169
-45.597385
-86.944389
-15.338203
-5.439209
-49.769062
-6.985680
-60.302998
-21.274887
-51.752724
-37.571217
-36.290455
-49.395370
-46.776779
-67.682152
-86.951729
-72.995796
-88.498779
-19.478249
-20.573578
-7.928864
-20.679924
-17.361931
-55.670151
-97.329636
-83.061722
-6.479897
-21.059776
-55.806126
-84.984436
-90.794434
-68.608299
-39.146156
-59.825047
-62.301357
-24.461266
-43.012218
-79.680313
-98.798317
-18.315285
-90.566933
-65.009781
-34.300209
-11.119530
-18.702415
-65.011688

